% This file was created by matplotlib2tikz v0.7.4.
\begin{tikzpicture}

\begin{axis}[
axis line style={white!80.0!black},
tick align=outside,
tick pos=left,
title={Pseudo-random draws},
x grid style={white!80.0!black},
xlabel={dimension 1},
xmajorgrids,
xmin=-0.0435951776357048, xmax=1.03721508247114,
xtick style={color=white!15.0!black},
y grid style={white!80.0!black},
ylabel={dimension 2},
ymajorgrids,
ymin=-0.0450055301334522, ymax=1.04094128419205,
ytick style={color=white!15.0!black}
]
\addplot [semithick, black, mark=*, mark size=2, mark options={solid}, only marks]
table {%
0.211486042301911 0.896254724936958
0.434258089539501 0.077532223909533
0.375902039891959 0.912771080855136
0.767060395973343 0.330439849074488
0.156867535532686 0.678471005417746
0.855750893046869 0.991580065359074
0.00553256146006076 0.085195185535118
0.594366026732393 0.840713963109753
0.1684777151949 0.710845989826592
0.195232140480516 0.543405012136734
0.570102348656078 0.00689077233833291
0.955533721984741 0.846289164828231
0.357006907630449 0.079061265415952
0.986189470714105 0.304007969001226
0.782074049851216 0.0482759445880593
0.498834654115609 0.0904356459040853
0.100045015742771 0.25632011646098
0.332068050383416 0.919772382845237
0.205287735197719 0.823544337005009
0.144481496609761 0.9733150143348
0.250156794558499 0.282523877588708
0.988087343375371 0.69532388070239
0.825318410990533 0.151616181858475
0.179109038636596 0.658234091040044
0.270983274535505 0.322419525098144
0.233169613685893 0.462401473599702
0.522989374955521 0.485234896257258
0.81818151496705 0.459062207098324
0.0753654510696239 0.0448355887744052
0.446570322113826 0.00435568869952518
0.147624180358699 0.115441118268868
0.251399546525023 0.737803178633295
0.479373587528385 0.269993190532738
0.290415841394415 0.588621074910239
0.519070652832411 0.881654718447999
0.0540317810242822 0.108241282024497
0.694607628041591 0.253760179193296
0.795296232872457 0.722381652126933
0.774234418746154 0.168236067716443
0.517837294282251 0.219872512051011
0.286291409570705 0.444832753808049
0.830068776065812 0.415906662242778
0.435414897199899 0.161100285706509
0.70485369784501 0.485817500280348
0.940173290157055 0.136904285727329
0.0459947765613749 0.63897026620075
0.662895295846524 0.32378769552478
0.582786287098974 0.293687757916351
0.335753726476916 0.291453016553251
0.402984671323485 0.0460543791546149
0.918987116264391 0.166991091895064
0.0826703260528053 0.798407553317505
0.151213820750014 0.661496717242884
0.987643673505649 0.91049800877495
0.80287949377223 0.773936541781384
0.365633385341647 0.843820732280382
0.5335453915111 0.241941263959512
0.751851370985412 0.552736965779478
0.552851252942214 0.89008596512659
0.549216456424629 0.287492980483661
0.379287423934809 0.897519566643241
0.534519104030896 0.785807202903964
0.0973064306809445 0.471394506922229
0.648587032904098 0.173397640114637
0.655674840418652 0.266924049785664
0.52267812623581 0.954551255580057
0.887118746167972 0.452421677033692
0.79756547091911 0.0687060003555672
0.0899145427925606 0.159348182843576
0.777204206545452 0.102135655776835
0.509591589472686 0.703294556779292
0.748630278487768 0.366520017300793
0.801568184569267 0.864037307007426
0.739769893149307 0.0230620734794541
0.605976687885766 0.872172901207318
0.0775745559676084 0.763266816165431
0.704221369792029 0.0753869690511477
0.687008547620779 0.234410040209032
0.188279345263061 0.777555126607325
0.365553277718999 0.28183170911646
0.241654917330147 0.64426196609052
0.558655164561334 0.790503025568736
0.216228979723403 0.439831006654215
0.0889150415093377 0.312648689486169
0.430695548537125 0.474807054863641
0.174658890342561 0.470903738333605
0.88602400794183 0.271367769999691
0.977854561937081 0.748974401887833
0.745073492623631 0.636819688477904
0.215337050295216 0.0876929970559834
0.549562853771914 0.474699713829718
0.213363176892915 0.340999863593818
0.952348447847212 0.838628155292668
0.103868683366753 0.0970147980282302
0.441867788554272 0.792718244176713
0.519245675657772 0.933163430965995
0.644626545027804 0.0448138451144598
0.27035022885288 0.729332240111221
0.63252945339757 0.0727392488011156
0.100334697211161 0.885160508612305
};
\end{axis}

\end{tikzpicture}